0.0
0.0
0.0
0.0
0.0
0.0
-0.5856821172999982
0.46035320300000193
-0.5856821172999982
0.46035320300000193
1.6226146700000021
-8.539646796999998
4.348907000000002
5.9432300000000025
4.348907000000002
5.9432300000000025
7.714700000000002
-3.0567699999999975
0.46035320300000193
1.6226146700000021
0.46035320300000193
1.6226146700000021
2.9140163000000023
-7.377385329999997
-4.996845490100029
-5.508974495339692
-4.996983222822678
-5.497168301650132
-14.500177024885609
-14.497704704039057
0.0
0.0
0.0
0.0
0.0
0.0
-4.99687010617158
-5.497206586267576
-4.9968454901000285
-5.497164514513961
-14.497162943712093
-14.497208473939533
-3.1369622635116987
-3.8233226966543272
-3.137001359539753
-3.823706321153837
-12.824188678535997
-12.824309159622823
1.6226146700000021
0.4603520391325177
-0.585682472331727
0.4597646117280044
-8.53964782969073
-8.539698385315946
-2.3744025150129984
-3.1369622639371086
-3.8232660657155715
-3.136962286191625
-12.136962264020823
-12.13696228775233
0.0
0.0
0.0
0.0
0.0
0.0
-1.5271139055699985
-2.3744026424096383
-3.1369692413451156
-2.3744025323127578
-11.374406811070193
-11.374409173459178
-3.823311849059834
-4.441042187446674
-3.8232660371605287
-4.442168231486837
-13.444496800660353
-13.440940195627473
-2.3744025150129984
-3.1369828928949652
-2.3744030606235222
-3.1370600113426015
-12.136993221115574
-12.1369653393987
-3.8232660371605287
-4.441033802918251
-3.825059285770067
-4.440973172608947
-13.443196897011564
-13.441081020802438
0.0
0.0
0.0
0.0
0.0
0.0
14.3
17.0
14.3
17.0
8.0
20.0
2.9140163000000023
1.6226146700000021
2.9140163000000023
1.6226146700000021
-7.377385329999997
0.46035320300000193
9.683000000000002
7.714700000000002
5.9432300000000025
7.714700000000002
-1.2852999999999977
5.9432300000000025
4.348907000000002
2.9140163000000023
4.348907000000002
2.9140163000000023
-6.085983699999998
1.6226146700000021
0.0
0.0
0.0
0.0
0.0
0.0
-1.5271139055699985
-0.5856821172999982
-0.5856821172999982
0.46035320300000193
-9.585682117299998
-9.585682117299998
2.9140163000000023
4.348907000000002
4.348907000000002
5.9432300000000025
-4.651092999999998
-4.651092999999998
-0.5856821172999982
0.46035320300000193
0.46035320300000193
1.6226146700000021
-8.539646796999998
-8.539646796999998
-4.440939433444476
-4.996847036908589
-4.996846011747511
-5.4972173331202665
-13.996873718877383
-13.99674334330804
0.0
0.0
0.0
0.0
0.0
0.0
-4.440939433444476
-4.996845540717873
-4.996845703244972
-5.497183228126651
-13.996845494062125
-13.996845504946094
-2.3744025150129984
-3.1370356990123773
-3.1370602580658944
-3.8232698535004612
-12.137041843445393
-12.136998217880887
0.46035320300000193
-0.5856945356929502
-0.5856977568904038
0.46035070860494814
-9.585682133807671
-9.585682400841923
-3.1369622635116987
-3.8232696721587147
-3.8232686793737902
-3.1369836503947095
-12.823300707725252
-12.823370135119347
0.0
0.0
0.0
0.0
0.0
0.0
-2.3744025150129984
-3.136963549628446
-3.137023597436885
-2.3745016978309543
-12.138245218391823
-12.137034759453112
-3.1369622635116987
-3.823266037163556
-3.823266037428265
-4.440939443385818
-12.823266037166603
-12.823266037210368
-1.5271139055699985
-2.3744025613116735
-2.3744043786661875
-3.136962346990808
-11.374404243700457
-11.37440274612493
-3.1369622635116987
-3.823267964609492
-3.823312606860608
-4.440939881517999
-12.82326610902027
-12.82326742344541
0.0
0.0
0.0
0.0
0.0
0.0
11.870000000000001
14.3
14.3
17.0
5.300000000000001
5.300000000000001
4.348907000000002
2.9140163000000023
2.9140163000000023
1.6226146700000021
-6.085983699999998
-6.085983699999998
7.714700000000002
5.9432300000000025
5.9432300000000025
7.714700000000002
-3.0567699999999975
-3.0567699999999975
5.9432300000000025
4.348907000000002
4.348907000000002
2.9140163000000023
-4.651092999999998
-4.651092999999998
0.0
0.0
0.0
0.0
0.0
0.0
-3.8232660371605287
-4.441584965033838
-4.9968476417529795
-4.441201936886555
-13.44108218851024
-13.44095561333801
-0.5856821172999982
-1.5271139056851657
-2.374402515095638
-1.527113905620928
-10.527113905582134
-10.527113905569998
-3.1369622635116987
-3.8232952973936785
-4.441029959541109
-3.8232713945440038
-12.823266301132644
-12.823267818031397
-2.3744025150129984
-1.5271139055699985
-0.5856821172999982
-1.5271139055699985
-10.527113905569998
-10.527113905569998
0.0
0.0
0.0
0.0
0.0
0.0
-2.3744025150129984
-1.5271139055699985
-0.5856821172999982
-1.5271139055699985
-10.527113905569998
-10.527113905569998
0.46035320300000193
1.6226146700000021
2.9140163000000023
1.6226146700000021
-7.377385329999997
-7.377385329999997
-0.5856821172999982
-1.527113906757644
-2.374402520663387
-1.5271139096577335
-10.527113913153052
-10.527113909948849
-3.8232660371605287
-4.445109891164814
-4.9968458308855705
-4.441595037958407
-13.440942090966226
-13.440952585145368
0.0
0.0
0.0
0.0
0.0
0.0
-3.1369622635116987
-3.8232660371622407
-4.440939433444506
-3.8232660371605287
-12.82326603716053
-12.823266037182528
-2.3744025150129984
-3.1370322912167996
-2.374402555362609
-3.1397135294992
-12.137007364515389
-12.13696228317963
-0.5856821172999982
-1.5272643290454662
-0.585904481471505
-1.5282270881887514
-10.5271155853533
-10.527126461797238
-2.3744025150129984
-3.13939474270377
-2.3744252476934373
-3.1373347323812544
-12.137085174820633
-12.138442717763095
0.0
0.0
0.0
0.0
0.0
0.0
5.9432300000000025
4.3489069999928915
2.9140163000000023
4.348906999376562
-4.651093000000732
-4.651093000001582
9.683000000000002
11.870000000000001
14.3
11.870000000000001
2.870000000000001
2.870000000000001
5.9432300000000025
4.348907000000002
2.9140163000000023
4.348907000000002
-4.651092999999998
-4.651092999999998
7.71469999954829
5.943229999940197
7.714700000000002
5.94322999999993
-3.05677000311322
-3.0567700003141933
0.0
0.0
0.0
0.0
0.0
0.0
-4.440939433444476
-4.99684668994033
-5.497160943999741
-4.440942139783709
-13.996845534163045
-13.996847651815873
-1.527113996136821
-2.374418719357915
-3.136977088659605
-1.5271139055699985
-11.374402656804397
-11.37440387170677
-3.8232660371605287
-4.440939711557743
-4.99684552032725
-3.8232844460524515
-13.440939492963633
-13.440939434713634
-1.5271139055699985
-0.5856821172999982
0.46035320300000193
-1.5271139055699985
-9.585682117299998
-9.585682117299998
0.0
0.0
0.0
0.0
0.0
0.0
-1.5271139055699985
-0.5856821172999982
0.46035320300000193
-1.5271139055699985
-9.585682117299998
-9.585682117299998
1.6226146700000021
2.9140163000000023
4.348907000000002
1.6226146700000021
-6.085983699999998
-6.085983699999998
-1.5271139056007517
-2.3802694631514756
-3.136965181280544
-1.5271139055699985
-11.374403851448786
-11.3766574278842
-4.440939433444476
-4.996845500726291
-5.497228463322387
-4.440990368275074
-13.99685147902811
-13.99684575478425
0.0
0.0
0.0
0.0
0.0
0.0
-3.8232660629619657
-4.440939458273803
-4.996845491488385
-3.8232660371605287
-13.440939575867143
-13.440939492962992
-1.5271139055699985
-2.3744046217801587
-3.1369622829163006
-3.1369623947389083
-11.375099019320693
-11.375851102011271
0.46035320300000193
-0.5857193003264268
-1.5271139055734773
-1.527114253995164
-9.594214459064068
-9.5856834642107
-1.5271139055699985
-2.374414110876982
-3.1369623004033045
-3.136962389716124
-11.374402650743317
-11.374417877328225
0.0
0.0
0.0
0.0
0.0
0.0
4.348907000000002
2.9140163000000023
1.6226146700000021
4.348907000000002
-6.085983699999998
-6.085983699999998
11.870000000000001
14.3
17.0
11.870000000000001
5.300000000000001
5.300000000000001
4.348907000000002
2.9140163000000023
1.6226146700000021
4.348907000000002
-6.085983699999998
-6.085983699999998
9.683000000000002
7.714700000000002
5.9432300000000025
5.9432300000000025
-1.2852999999999977
-1.2852999999999977
0.0
0.0
0.0
0.0
0.0
0.0
-4.998200174151327
-5.497220007800606
-5.497631177261644
-4.9968454901000285
-14.513294046147617
-14.497173784803453
-2.4401221859310587
-3.1370759790976086
-3.137000436031394
-2.3744025150129997
-12.18932860805816
-12.136963852303458
-4.4421795606512235
-4.9979638856056585
-4.996861193372141
-4.440939433444476
-14.010557094869357
-13.99690402889279
-0.5856821172999982
0.46035320300000193
0.46035320300000193
-0.5856821172999982
1.6226146700000021
-8.539646796999998
0.0
0.0
0.0
0.0
0.0
0.0
-0.5856821172999982
0.46035320300000193
0.46035320300000193
-0.5856821172999982
1.6226146700000021
-8.539646796999998
2.9140163000000023
4.348907000000002
4.348907000000002
2.9140163000000023
5.9432300000000025
-4.651092999999998
-2.3744025150129984
-3.137010763682867
-3.137014854219911
-2.374402522457604
-12.136962293482998
-12.137650525803721
-4.9968454901000285
-5.4971612529413845
-5.49722816499763
-4.997369689736536
-14.497285861414463
-14.497161797623031
0.0
0.0
0.0
0.0
0.0
0.0
-4.451491578383373
-4.99684556606926
-5.046956228874728
-4.440939433444476
-13.997097917564657
-14.008321082805393
-2.3744025150129984
-3.137107537689108
-3.136965195470725
-2.374457049176668
-12.136964072362066
-12.13703245308266
-0.5856821172999982
-1.527168796474968
-1.5271748968286025
-0.587746801278406
-10.527195693099724
-10.527244831058258
-2.3744025150129984
-3.136962301521247
-3.1369622645347373
-2.374402516536702
-12.136962263863747
-12.136962284409591
0.0
0.0
0.0
0.0
0.0
0.0
2.9140163000000023
1.6226146700000021
1.6226146700000021
2.9140163000000023
-7.377385329999997
0.46035320300000193
14.3
17.0
17.0
14.3
8.0
20.0
2.9140163000000023
1.6226146700000021
1.6226146700000021
2.9140163000000023
-7.377385329999997
0.46035320300000193
7.714700000000002
5.9432300000000025
5.9432300000000025
7.714700000000002
-3.0567699999999975
4.348907000000002
0.0
0.0
0.0
0.0
0.0
0.0
-1.5271139055699985
0.46035320300000193
-1.5271139055699985
-0.5856821172999982
-9.585682117299998
-9.585682117299998
2.9140163000000023
5.9432300000000025
2.9140163000000023
4.348907000000002
-4.651092999999998
-4.651092999999998
-0.5856821172999982
1.6226146700000021
-0.5856821172999982
0.46035320300000193
-8.539646796999998
-8.539646796999998
-4.440939433444476
-5.497165885857629
-4.440939433444543
-4.996845565949757
-13.996864627745621
-13.996845492223988
0.0
0.0
0.0
0.0
0.0
0.0
-4.440939433444476
-5.49716105295928
-4.440939585574516
-4.996847422824282
-13.996845491410593
-13.99687117187408
-2.3744025150129984
-3.8232660374193768
-2.3744025150229318
-3.13696226725718
-12.13696226726638
-12.136962264728021
2.9140163000000023
0.4603532030000004
0.46035320300000193
1.6226146700000021
-7.377385329999997
-7.377385329999997
-1.5271139055699985
-3.1369622635116987
-3.1369622635116987
-2.3744025150129984
-11.374402515013
-11.374402515013
0.0
0.0
0.0
0.0
0.0
0.0
-0.5856821172999982
-2.3744025150129984
-2.3744025150129984
-1.5271139055699985
-10.527113905569998
-10.527113905569998
-3.1369622635116987
-4.440939434095867
-3.1369622721980996
-3.823266096021446
-12.823266063526136
-12.823266157437521
-1.5271139055699994
-3.136962263898394
-1.5271139055699985
-2.374402515016586
-11.374402515013063
-11.374402516822942
-3.1369622635116987
-4.440954890490304
-3.136962302148399
-3.823266244017981
-12.823274877802248
-12.823266086900787
0.0
0.0
0.0
0.0
0.0
0.0
11.870000000000001
17.0
11.870000000000001
14.3
5.300000000000001
5.300000000000001
4.348907000000002
1.6226146700000021
4.348907000000002
2.9140163000000023
-6.085983699999998
-6.085983699999998
11.870000000000001
7.714700000000002
7.714700000000002
9.683000000000002
0.6830000000000016
0.6830000000000016
5.9432300000000025
2.9140163000000023
5.9432300000000025
4.348907000000002
-4.651092999999998
-4.651092999999998
0.0
0.0
0.0
0.0
0.0
0.0
-2.3744025150129984
-0.5856821172999982
-1.5271139055699985
-0.5856821172999982
-10.527113905569998
-10.527113905569998
1.6226146700000021
4.348907000000002
2.9140163000000023
4.348907000000002
-6.085983699999998
-6.085983699999998
-1.5271139055699985
0.46035320300000193
-0.5856821172999982
0.46035320300000193
-9.585682117299998
-9.585682117299998
-3.8232660371605287
-4.9968454901002035
-4.440939433444553
-4.9968454901023955
-13.44093943345357
-13.440939434552648
0.0
0.0
0.0
0.0
0.0
0.0
-3.8232660371605287
-4.996845490100032
-4.440939433444477
-4.996845490104298
-13.440939433445498
-13.440939433444479
-1.5271139055699985
-3.136962263543136
-2.374402520293383
-3.1369622635118546
-11.374402515013017
-11.374402518358295
1.6226146700000021
-0.5856821172999983
0.46035320300000193
1.6226146700000021
-8.539646796999998
-8.539646797000021
-2.3744025150129984
-3.8232660371605305
-3.1369622635116987
-2.3744025150129984
-12.136962263511698
-12.136962263511698
0.0
0.0
0.0
0.0
0.0
0.0
-1.5271139055699985
-3.1369622635116987
-2.3744025150129984
-1.5271139055699985
-11.374402515013017
-11.374402515013
-2.3744025150129984
-3.8232660371605287
-3.1369622635117103
-3.8232660371605287
-12.136962263511714
-12.136962263511698
-0.5856821172999982
-2.3744025150129984
-1.5271139055699998
-2.3744025150129984
-10.527113905570001
-10.527113905570005
-2.3744025150129984
-3.823266044956713
-3.136962266075654
-3.8232660372136804
-12.136962263511922
-12.136962263519957
0.0
0.0
0.0
0.0
0.0
0.0
9.683000000000002
14.3
11.870000000000001
14.3
2.870000000000001
2.870000000000001
5.9432300000000025
2.9140163000000023
4.348907000000002
2.9140163000000023
-4.651092999999998
-4.651092999999998
9.683000000000002
5.9432300000000025
7.714700000000002
9.683000000000002
-1.2852999999999977
-1.2852999999999977
7.714700000000002
4.348907000000002
5.9432300000000025
4.348907000000002
-3.0567699999999975
-3.0567699999999975
0.0
0.0
0.0
0.0
0.0
0.0
-3.1369622635116987
-4.440939433450494
-4.440939433480671
-3.823266037176447
-12.823266037160618
-12.823266037212623
0.46035320300000193
-1.5271139055699985
-1.5271139055699985
-0.5856821172999982
-9.585682117299998
-9.585682117299998
-2.3744025150129984
-3.8232660371649723
-3.8232660371606815
-3.13696226351637
-12.136962263537306
-12.136962263511702
-3.1369622635116987
-1.5271139055699985
-1.5271139055699985
-2.3744025150129984
-11.374402515013
-11.374402515013
0.0
0.0
0.0
0.0
0.0
0.0
-3.1369622635116987
-1.5271139055699985
-1.5271139055699985
-2.3744025150129984
-11.374402515013
-11.374402515013
-0.5856821172999982
1.6226146700000021
1.6226146700000021
0.46035320300000193
-8.539646796999998
-8.539646796999998
0.46035320300000193
-1.5271139055699985
-1.5271139055699985
-0.5856821172999982
-9.585682117299998
-9.585682117302891
-3.1369622635116987
-4.440939433444867
-4.440939433444635
-3.823266037160557
-12.823266037160638
-12.82326603716054
0.0
0.0
0.0
0.0
0.0
0.0
-2.3744025150129984
-3.8232660371605287
-3.8232660371605287
-3.1369622635116987
-12.136962263511698
-12.136962263511698
-1.5271139055699985
-3.1369622635117014
-1.5271139055700016
-2.3744025150129984
-11.374402515013
-11.374402515013442
0.46035320300000193
-1.527113905634943
0.4603532029999902
-0.585682117300007
-9.585682117300019
-9.585682117299998
-1.5271139055699985
-3.1369622639033454
-1.5271139055699985
-2.3744025150129997
-11.374402515013
-11.374402515013
0.0
0.0
0.0
0.0
0.0
0.0
7.714700000000002
4.348907000000002
4.348907000000002
5.9432300000000025
-3.0567699999999975
-3.0567699999999975
7.714700000000002
11.870000000000001
11.870000000000001
9.683000000000002
0.6830000000000016
0.6830000000000016
7.714700000000002
4.348907000000002
4.348907000000002
5.9432300000000025
-3.0567699999999975
-3.0567699999999975
9.683000000000002
5.9432300000000025
9.683000000000002
7.714700000000002
-1.2852999999999977
-1.2852999999999977
0.0
0.0
0.0
0.0
0.0
0.0
-3.8232660371605287
-4.996845494613938
-4.996845491007246
-3.8232660371605287
-13.440939433484125
-13.440939439344064
-0.5856821201785596
-2.374402519254517
-2.374402515039587
-0.5856821172999982
-10.52711390557004
-10.527113905570141
-3.1369622635116987
-4.440939433817991
-4.440939433834468
-3.1369622635123213
-12.823266037166361
-12.82326603723837
-2.3744025150129984
-0.5856821172999982
-0.5856821172999982
-2.3744025150129984
-10.527113905569998
-10.527113905569998
0.0
0.0
0.0
0.0
0.0
0.0
-2.3744025150129984
-0.5856821172999982
-0.5856821172999982
-2.3744025150129984
-10.527113905569998
-10.527113905569998
0.46035320300000193
2.9140163000000023
2.9140163000000023
0.46035320300000193
-7.377385329999997
-7.377385329999997
-0.5856821172999982
-2.3744025150130046
-2.3744025150136197
-0.5856821172999983
-10.527113905576813
-10.52711390557177
-3.8232660371605287
-4.9968454901000285
-4.9968454901000285
-3.8232660371605287
-13.440939433444477
-13.440939433444477
0.0
0.0
0.0
0.0
0.0
0.0
-3.1369622635116987
-4.440939433447572
-4.440939468328799
-3.1369622635123573
-12.823266037160531
-12.823266037160643
-0.5856821172999982
-2.3744025150132755
-2.3744025150130046
-2.3744025150129984
-10.527113905572795
-10.527113905581801
1.6226146700000021
-0.5856821200745235
-0.585682117300339
-0.5856821173000195
-8.539646799970928
-8.539646797050311
-0.5856821172999982
-2.3744025150129984
-2.3744025150129984
-2.3744025150129984
-10.527113905569998
-10.527113905569998
0.0
0.0
0.0
0.0
0.0
0.0
5.9432300000000025
2.9140163000000023
2.9140163000000023
5.9432300000000025
-4.651092999999998
-4.651092999999998
9.683000000000002
14.3
14.3
9.683000000000002
2.870000000000001
2.870000000000001
5.9432300000000025
2.9140163000000023
2.9140163000000023
5.9432300000000025
-4.651092999999998
-4.651092999999998
11.870000000000001
7.714700000000002
7.714700000000002
7.714700000000002
0.6830000000000016
0.6830000000000016
0.0
0.0
0.0
0.0
0.0
0.0
-4.440939433444476
-5.4977798571166785
-4.996846482711622
-4.4409404348659525
-13.996847683887676
-13.996874313278017
-1.527212635578809
-3.149519449297452
-2.3762198112971507
-1.5271139055699985
-11.374403700153493
-11.382960303736086
-3.8232722047287018
-4.996858220740842
-4.440992725402824
-3.8232660371605287
-13.44094809458712
-13.441088327003577
-1.5271139055699985
0.46035320300000193
-0.5856821172999982
-1.5271139055699985
-9.585682117299998
-9.585682117299998
0.0
0.0
0.0
0.0
0.0
0.0
-1.5271139055699985
0.46035320300000193
-0.5856821172999982
-1.5271139055699985
-9.585682117299998
-9.585682117299998
1.6226146700000021
4.348907000000002
2.9140163000000023
1.6226146700000021
-6.085983699999998
-6.085983699999998
-1.5271139104925286
-3.1369622635248176
-2.374402804774814
-1.5271139055699985
-11.37440290028552
-11.374402768645897
-4.44093943365374
-5.4971609414495
-4.996845499216327
-4.440939433444476
-13.996845491204613
-13.996845517282232
0.0
0.0
0.0
0.0
0.0
0.0
-3.8232660425741725
-4.997505972059333
-4.441043468676467
-3.8232660371605287
-13.441108827840408
-13.440941411514581
-1.5271139055699985
-3.1369622635116987
-2.3744025150133217
-1.5271139055719363
-11.37440251488634
-11.374402515013037
0.46035320300000193
-1.5271139056304883
-0.585682117306482
0.46033862069160125
-9.585682117300749
-9.58568211874501
-1.5271139055699985
-3.136962263511723
-2.3744025150129984
-1.5271139056569638
-11.374402515013076
-11.37440251502395
0.0
0.0
0.0
0.0
0.0
0.0
4.348907000000002
1.6226146700000021
2.9140163000000023
4.348907000000002
-6.085983699999998
-6.085983699999998
11.870000000000001
17.0
14.3
11.870000000000001
5.300000000000001
5.300000000000001
4.348907000000002
1.6226146700000021
2.9140163000000023
4.348907000000002
-6.085983699999998
-6.085983699999998
9.683000000000002
5.9432300000000025
7.714700000000002
9.683000000000002
-1.2852999999999977
-1.2852999999999977
0.0
0.0
0.0
0.0
0.0
0.0
-2.3744025150129984
-0.5856821172999982
-2.3744025150129984
-1.5271139055699985
-10.527113905569998
-10.527113905569998
1.6226146700000021
4.348907000000002
1.6226146700000021
2.9140163000000023
-6.085983699999998
-6.085983699999998
-1.5271139055699985
0.46035320300000193
-1.5271139055699985
-0.5856821172999982
-9.585682117300006
-9.585682117299998
-4.9968454901000285
-4.9968454901000285
-3.8232660371605287
-4.440939433444476
-13.440939433444477
-13.440939433444477
0.0
0.0
0.0
0.0
0.0
0.0
-4.99684549010003
-4.9968454901000285
-3.8232660371605287
-4.440939433444476
-13.440939433444477
-13.440939433444477
-3.1369622635116987
-3.1369622635116987
-1.5271139055699985
-2.3744025150129984
-11.374402515013
-11.374402515013
4.348907000000002
1.6226146700000021
1.6226146700000021
2.9140163000000023
-6.085983699999998
-6.085983699999998
-0.5856821172999982
-2.3744025150129984
-2.3744025150129984
-1.5271139055699985
-10.527113905569998
-10.527113905569998
0.0
0.0
0.0
0.0
0.0
0.0
0.46035320300000193
-1.5271139055699985
-1.5271139055699985
-0.5856821172999982
-9.585682117299998
-9.585682117299998
-3.8232660371605287
-3.8232660371605287
-2.3744025150129984
-3.1369622635116987
-12.136962263511698
-12.136962263511698
-2.3744025150129984
-2.374402515013001
-0.5856821172999982
-1.5271139055699985
-10.52711390557004
-10.527113905570225
-3.8232660371605287
-3.8232660371605434
-2.3744025150129984
-3.1369622635116987
-12.136962263511698
-12.136962263511698
0.0
0.0
0.0
0.0
0.0
0.0
9.683000000000002
14.3
9.683000000000002
11.870000000000001
2.870000000000001
2.870000000000001
2.9140163000000023
2.9140163000000023
5.9432300000000025
4.348907000000002
-4.651092999999998
-4.651092999999998
14.3
9.683000000000002
9.683000000000002
11.870000000000001
2.870000000000001
2.870000000000001
4.348907000000002
4.348907000000002
7.714700000000002
5.9432300000000025
-3.0567699999999975
-3.0567699999999975
0.0
0.0
0.0
0.0
0.0
0.0
-3.1369622635116987
-1.5271139055699985
-3.1369622635116987
-1.5271139055699985
-11.374402515013
-11.374402515013
0.46035320300000193
2.9140163000000023
0.46035320300000193
2.9140163000000023
-7.377385329999997
-7.377385329999997
-2.3744025150129984
-0.5856821172999982
-2.3744025150129984
-0.5856821172999982
-10.527113905569998
-10.527113905569998
-4.440939433444476
-4.440939433444476
-3.1369622635116987
-4.440939433444476
-12.82326603716053
-12.82326603716053
0.0
0.0
0.0
0.0
0.0
0.0
-4.440939433444476
-4.440939433444476
-3.1369622635116987
-4.440939433444476
-12.82326603716053
-12.82326603716053
-2.3744025150129984
-2.3744025150129984
-0.5856821172999982
-2.3744025150129984
-10.527113905569998
-10.527113905569998
0.46035320300000193
0.46035320300000193
0.46035320300000193
2.9140163000000023
-7.377385329999997
-7.377385329999997
-3.1369622635116987
-3.1369622635116987
-3.1369622635116987
-1.5271139055699985
-11.374402515013
-11.374402515013
0.0
0.0
0.0
0.0
0.0
0.0
-2.3744025150129984
-2.3744025150129984
-2.3744025150129984
-0.5856821172999982
-10.527113905569998
-10.527113905569998
-3.1369622635116987
-3.1369622635116987
-1.5271139055699985
-3.1369622635116987
-11.374402515013
-11.374402515013
-1.5271139055699985
-1.5271139055699985
0.46035320300000193
-1.5271139055699985
-9.585682117299998
-9.585682117299998
-3.1369622635116987
-3.1369622635116987
-1.5271139055699985
-3.1369622635116987
-11.374402515013
-11.374402515013
0.0
0.0
0.0
0.0
0.0
0.0
7.714700000000002
11.870000000000001
7.714700000000002
11.870000000000001
0.6830000000000016
0.6830000000000016
4.348907000000002
4.348907000000002
7.714700000000002
4.348907000000002
-3.0567699999999975
-3.0567699999999975
7.714700000000002
7.714700000000002
7.714700000000002
11.870000000000001
0.6830000000000016
0.6830000000000016
5.9432300000000025
5.9432300000000025
9.683000000000002
5.9432300000000025
-1.2852999999999977
-1.2852999999999977
0.0
0.0
0.0
0.0
0.0
0.0
-3.8232660371605287
-3.8232660371605287
-3.8232660371605287
-2.3744025150129984
-12.136962263511698
-12.136962263511698
-0.5856821172999982
-0.5856821172999982
-0.5856821172999982
1.6226146700000021
-8.539646796999998
-8.539646796999998
-3.1369622635116987
-3.1369622635116987
-3.1369622635116987
-1.5271139055699985
-11.374402515013
-11.374402515013
-3.8232660371605287
-2.3744025150129984
-2.3744025150129984
-3.8232660371605287
-12.136962263511698
-12.136962263511698
0.0
0.0
0.0
0.0
0.0
0.0
-3.8232660371605287
-2.3744025150129984
-2.3744025150129984
-3.8232660371605287
-12.136962263511698
-12.136962263511698
-1.5271139055699985
0.46035320300000193
0.46035320300000193
-1.5271139055699985
-9.585682117299998
-9.585682117299998
-0.5856821172999982
-0.5856821172999982
-0.5856821172999982
1.6226146700000021
-8.539646796999998
-8.539646796999998
-3.8232660371605287
-3.8232660371605287
-3.8232660371605287
-2.3744025150129984
-12.136962263511698
-12.136962263511698
0.0
0.0
0.0
0.0
0.0
0.0
-3.1369622635116987
-3.1369622635116987
-3.1369622635116987
-1.5271139055699985
-11.374402515013
-11.374402515013
-2.3744025150129984
-2.3744025150129984
-0.5856821172999982
-2.3744025150129984
-10.527113905569998
-10.527113905569998
-0.5856821172999982
-0.5856821172999982
1.6226146700000021
-0.5856821172999982
-8.539646796999998
-8.539646796999998
-2.3744025150129984
-2.3744025150129984
-0.5856821172999982
-2.3744025150129984
-10.527113905569998
-10.527113905569998
0.0
0.0
0.0
0.0
0.0
0.0
5.9432300000000025
5.9432300000000025
5.9432300000000025
9.683000000000002
-1.2852999999999977
-1.2852999999999977
5.9432300000000025
9.683000000000002
9.683000000000002
5.9432300000000025
-1.2852999999999977
-1.2852999999999977
5.9432300000000025
5.9432300000000025
5.9432300000000025
9.683000000000002
-1.2852999999999977
-1.2852999999999977
7.714700000000002
7.714700000000002
11.870000000000001
7.714700000000002
0.6830000000000016
0.6830000000000016
0.0
0.0
0.0
0.0
0.0
0.0
-4.440939433444476
-4.440939433444476
-4.440939433444476
-3.1369622635116987
-12.82326603716053
-12.82326603716053
-1.5271139055699985
-1.5271139055699985
-1.5271139055699985
0.46035320300000193
-9.585682117299998
-9.585682117299998
-3.8232660371605287
-3.8232660371605287
-3.8232660371605287
-2.3744025150129984
-12.136962263511698
-12.136962263511698
-3.1369622635116987
-1.5271139055699985
-1.5271139055699985
-3.1369622635116987
-11.374402515013
-11.374402515013
0.0
0.0
0.0
0.0
0.0
0.0
-3.1369622635116987
-1.5271139055699985
-1.5271139055699985
-3.1369622635116987
-11.374402515013
-11.374402515013
-0.5856821172999982
1.6226146700000021
1.6226146700000021
-0.5856821172999982
-8.539646796999998
-8.539646796999998
-1.5271139055699985
-1.5271139055699985
-1.5271139055699985
0.46035320300000193
-9.585682117299998
-9.585682117299998
-4.440939433444476
-4.440939433444476
-4.440939433444476
-3.1369622635116987
-12.82326603716053
-12.82326603716053
0.0
0.0
0.0
0.0
0.0
0.0
-3.8232660371605287
-3.8232660371605287
-3.8232660371605287
-2.3744025150129984
-12.136962263511698
-12.136962263511698
0.46035320300000193
-1.5271139055699985
-1.5271139055699985
-1.5271139055699985
-9.585682117299998
-9.585682117299998
2.9140163000000023
0.46035320300000193
0.46035320300000193
0.46035320300000193
-7.377385329999997
-7.377385329999997
0.46035320300000193
-1.5271139055699985
-1.5271139055699985
-1.5271139055699985
-9.585682117299998
-9.585682117299998
0.0
0.0
0.0
0.0
0.0
0.0
4.348907000000002
4.348907000000002
4.348907000000002
7.714700000000002
-3.0567699999999975
-3.0567699999999975
7.714700000000002
11.870000000000001
11.870000000000001
7.714700000000002
0.6830000000000016
0.6830000000000016
4.348907000000002
4.348907000000002
4.348907000000002
7.714700000000002
-3.0567699999999975
-3.0567699999999975
14.3
9.683000000000002
9.683000000000002
9.683000000000002
2.870000000000001
2.870000000000001
0.0
0.0
0.0
0.0
0.0
0.0
-4.9968454901000285
-4.996845490100029
-4.440939433444476
-3.8232660371605287
-13.440939433444521
-13.440939433444477
-2.3744025277714242
-2.374423193098509
-1.5271694810017404
-0.5856821172999982
-10.527123021639285
-10.527113905595447
-4.4409394355473255
-4.440940089608563
-3.8232660430139163
-3.1369622635116987
-12.823266037360256
-12.823266039104436
-2.374402515014485
-0.5856821172999982
-1.5271139055699985
-2.3744025150129984
-10.527113905570294
-10.527113905569998
0.0
0.0
0.0
0.0
0.0
0.0
-2.3744025150129984
-0.5856821172999982
-1.5271139055699985
-2.3744025150129984
-10.527113905569998
-10.527113905569998
0.46035320300000193
2.9140163000000023
1.6226146700000021
0.46035320300000193
-7.377385329999997
-7.377385329999997
-2.37440251502447
-2.374402515013072
-1.5271331506686263
-0.5856821172999982
-10.527117898309472
-10.527113911480601
-4.996845490115662
-4.99684549010003
-4.440939433444506
-3.8232660371605287
-13.44093943344448
-13.44093943344451
0.0
0.0
0.0
0.0
0.0
0.0
-4.440940530230617
-4.440939433468855
-3.823266117221902
-3.1369622635116987
-12.823266037211683
-12.823270815420177
-0.5856821172999982
-2.3744025150129984
-1.5271139055699985
-0.5856821172999982
-10.527113905569998
-10.527113905569998
1.6226146700000021
-0.5856821172999982
0.46035320300000193
1.6226146700000021
-8.539646796999998
-8.539646796999998
-0.5856821172999982
-2.3744025150129984
-1.5271139055699985
-0.5856821172999982
-10.527113905569998
-10.527113905569998
0.0
0.0
0.0
0.0
0.0
0.0
2.9140163000000023
2.9140163000000023
4.348907000000002
5.9432300000000025
-4.651092999999998
-4.651092999999998
9.683000000000002
14.3
11.870000000000001
9.683000000000002
2.870000000000001
2.870000000000001
2.9140163000000023
2.9140163000000023
4.348907000000002
5.9432300000000025
-4.651092999999998
-4.651092999999998
11.870000000000001
7.714700000000002
9.683000000000002
11.870000000000001
0.6830000000000016
0.6830000000000016
0.0
0.0
0.0
0.0
0.0
0.0
-3.1369627969325475
-1.5271139055699985
-2.374402515215827
-2.3744025588716724
-11.374403738611257
-11.374402535228418
0.4603531696821756
2.9140163000000023
1.622614669337999
1.6226146682653928
-7.377385343548987
-7.377385330192188
-2.3744025150233306
-0.5856821172999982
-1.5271139055809135
-1.5271139056384067
-10.527113905938714
-10.52711390557057
-5.49716094976347
-4.440939433444476
-4.996845490100428
-4.99684549030916
-13.99684549021047
-13.996845490156392
0.0
0.0
0.0
0.0
0.0
0.0
-5.4971616882609196
-4.440939433444476
-4.996845514021548
-4.996845545151945
-13.996845491347903
-13.996850496328266
-3.8232665304368285
-2.3744025150129984
-3.136964599450927
-3.1369622648096107
-12.137078417138664
-12.136962265136415
5.9432300000000025
2.9140163000000023
4.348907000000002
4.348907000000002
-4.651092999999998
-4.651092999999998
0.46035320300000193
-1.5271139055699985
-0.5856821172999982
-0.5856821172999982
-9.585682117299998
-9.585682117299998
0.0
0.0
0.0
0.0
0.0
0.0
1.6226146700000021
-0.5856821172999982
0.46035320300000193
0.46035320300000193
-8.539646796999998
-8.539646796999998
-4.4409394337404775
-3.1369622635116987
-3.823269306018675
-3.823266038090534
-12.823266237315236
-12.8232660379444
-3.1369628600527255
-1.5271139055699985
-2.374402515160598
-2.3744028821865526
-11.37440252070877
-11.37440251501345
-4.440939433463732
-3.1369622635116987
-3.8232660379064964
-3.8232660371611256
-12.823266042223652
-12.823266037932587
0.0
0.0
0.0
0.0
0.0
0.0
7.714700000000002
11.870000000000001
9.683000000000002
9.683000000000002
0.6830000000000016
0.6830000000000016
1.6226146700000021
4.348907000000002
2.9140163000000023
2.9140163000000023
-6.085983699999998
-6.085983699999998
17.0
11.870000000000001
14.3
14.3
5.300000000000001
5.300000000000001
2.9140163000000023
5.9432300000000025
4.348907000000002
4.348907000000002
-4.651092999999998
-4.651092999999998
0.0
0.0
0.0
0.0
0.0
0.0
-3.8232660371605287
-2.3744025150129984
-3.8232660371605287
-3.1369622635116987
-12.136962263511698
-12.136962263511698
-0.5856821172999982
1.6226146700000021
-0.5856821172999982
0.46035320300000193
-8.539646796999998
-8.539646796999998
-3.1369622635116987
-1.5271139055699985
-3.1369622635116987
-2.3744025150129984
-11.374402515013
-11.374402515013
-4.996845494985761
-3.8232660371605287
-3.8232669813663867
-4.440939440293292
-13.440939435877906
-13.44093945038666
0.0
0.0
0.0
0.0
0.0
0.0
-4.996845496571565
-3.8232660371605287
-3.823266037180049
-4.440941917543521
-13.44093952928143
-13.440939433445728
-3.136962263525391
-1.5271139055702574
-1.5271139055699985
-2.3744025936512707
-11.37440251961666
-11.374402515013003
-0.5856821172999982
1.6226146700000021
-0.5856821172999982
0.46035320300000193
-8.539646796999998
-8.539646796999998
-3.8232660371605287
-2.3744025150129984
-3.8232660371605287
-3.1369622635116987
-12.136962263511698
-12.136962263511698
0.0
0.0
0.0
0.0
0.0
0.0
-3.136962263511699
-1.5271139055699985
-3.1369622635116987
-2.3744025150129984
-11.374402515013003
-11.37440251501788
-3.8232660371605403
-2.3744025150129984
-2.3744025150131787
-3.136962263513387
-12.136962263511933
-12.136962263511698
-2.374402515035514
-0.5856821172999982
-0.5856825013845866
-1.527113905834247
-10.527113905570422
-10.5271139055892
-3.8232668331970086
-2.3744025150131076
-2.3744025150129984
-3.136962346586774
-12.136962263893691
-12.136962263534617
0.0
0.0
0.0
0.0
0.0
0.0
5.9432300000000025
9.683000000000002
5.9432300000000025
7.714700000000002
-1.2852999999999977
-1.2852999999999977
2.9140163000000023
5.9432300000000025
5.9432300000000025
4.348907000000002
-4.651092999999998
-4.651092999999998
5.9432300000000025
9.683000000000002
5.9432300000000025
7.714700000000002
-1.2852999999999977
-1.2852999999999977
4.348907000000002
7.714700000000002
7.714700000000002
5.9432300000000025
-3.0567699999999975
-3.0567699999999975
0.0
0.0
0.0
0.0
0.0
0.0
-4.440939433444476
-3.1369622635117014
-3.8232660371605296
-3.1369622635116987
-12.823266037160533
-12.82326603716054
-1.527113905570841
0.4603532029998056
-0.5856821172999986
0.46035320300000193
-9.585682117300017
-9.585682117300001
-3.823266046509146
-2.374402515022537
-3.136962337194352
-2.3744025150129984
-12.136962729924933
-12.136962265669917
-4.4409394334445755
-3.1369622635116987
-3.82326603716053
-4.440939433444488
-12.82326603716053
-12.82326603716053
0.0
0.0
0.0
0.0
0.0
0.0
-4.440939433444478
-3.1369622635116987
-3.823266037160726
-4.440939433444487
-12.823266037160554
-12.82326603716053
-2.3744025150129993
-0.5856821172999982
-1.5271139055699985
-2.3744025150129984
-10.527113905570003
-10.527113905569998
-1.5271139055699985
0.4603532029973566
-0.5856821173000553
0.46035320300000193
-9.585682117299998
-9.585682117300536
-4.440939480398072
-3.1369622635116996
-3.823266039449218
-3.1369622635116987
-12.823266037173939
-12.823266042453161
0.0
0.0
0.0
0.0
0.0
0.0
-3.823266037160557
-2.3744025150129984
-3.1369622635117898
-2.374402515013114
-12.136962263511698
-12.136962263511698
-3.1369622635117107
-1.5271139055699985
-2.374402515013001
-3.136962263511699
-11.374402515015252
-11.37440251501318
-1.527113905569999
0.46035320300000193
-0.585682117338856
-1.5271139065575552
-9.585682117500852
-9.58568211732884
-3.1369622635116987
-1.5271139055699985
-2.3744025150129984
-3.1369622635116987
-11.374402515013
-11.374402515013
0.0
0.0
0.0
0.0
0.0
0.0
4.348907000000002
7.714700000000002
5.9432300000000025
7.714700000000002
-3.0567699999999975
-3.0567699999999975
4.348907000000002
7.714700000000002
5.9432300000000025
4.348907000000002
-3.0567699999999975
-3.0567699999999975
4.348907000000002
7.714700000000002
5.9432300000000025
7.714700000000002
-3.0567699999999975
-3.0567699999999975
5.9432300000000025
9.683000000000002
7.714700000000002
5.9432300000000025
-1.2852999999999977
-1.2852999999999977
0.0
0.0
0.0
0.0
0.0
0.0
-4.996845522684172
-3.8232660371605287
-4.996845542482433
-4.440939433449329
-13.440939444141144
-13.44093979603596
-2.3744025150129997
-0.5856821172999982
-2.374402515013572
-1.5271139055700018
-10.527113905570337
-10.527113905569998
-4.440939433444476
-3.1369622635116987
-4.440939433444477
-3.8232660371605287
-12.82326603716053
-12.82326603716053
-3.823276501572341
-2.3744025150129984
-2.374402883150832
-3.1369664042501313
-12.136962296986939
-12.136962722178152
0.0
0.0
0.0
0.0
0.0
0.0
-3.823266037162716
-2.3744025150129984
-2.374402602713344
-3.1369622651736044
-12.136962263512379
-12.13696330364115
-1.5272978098331855
0.4603481561014176
0.46035320300000193
-0.5856821185347225
-9.586085024392109
-9.58568239112813
-2.3744025150129984
-0.5856821172999982
-2.374402515013007
-1.527113905569999
-10.527113905570015
-10.527113905569998
-4.996845490103947
-3.8232660371605287
-4.9968455391167685
-4.440939433481237
-13.440939468949894
-13.440939433444509
0.0
0.0
0.0
0.0
0.0
0.0
-4.440939433444476
-3.1369622635116987
-4.440939433445693
-3.823266037160567
-12.82326603716053
-12.82326603716371
1.6226146700000021
-0.5856821172999982
-0.5856821172999982
0.46035320300000193
-8.539646796999998
-8.539646796999998
4.348907000000002
1.6226146700000021
1.6226146700000021
2.9140163000000023
-6.085983699999998
-6.085983699999998
1.6226146700000021
-0.5856821172999982
-0.5856821172999982
0.46035320300000193
-8.539646796999998
-8.539646796999998
0.0
0.0
0.0
0.0
0.0
0.0
2.9140163000000023
5.9432300000000025
2.9140163000000023
4.348907000000002
-4.651092999999998
-4.651092999999998
5.9432300000000025
9.683000000000002
9.683000000000002
7.714700000000002
-1.2852999999999977
-1.2852999999999977
2.9140163000000023
5.9432300000000025
2.9140163000000023
4.348907000000002
-4.651092999999998
-4.651092999999998
17.0
11.870000000000001
11.870000000000001
14.3
5.300000000000001
5.300000000000001
0.0
0.0
0.0
0.0
0.0
0.0
-5.4971609411542754
-4.440939433444476
-4.996845490487628
-4.440939456228601
-13.99684549010799
-13.996845490111323
-3.136962271112034
-1.52711401809694
-2.374402555945924
-1.5271139055699985
-11.374402621594584
-11.374402515019282
-4.996848574859693
-3.8232673389145853
-4.440960900640668
-3.8232660371605287
-13.44093944011561
-13.440939485076626
-3.1369687499734855
-1.5271139055699985
-2.374402516018125
-3.1369626141048568
-11.37440251501528
-11.374402598366709
0.0
0.0
0.0
0.0
0.0
0.0
-3.136962625801827
-1.5271139055699985
-2.3744025451017867
-3.1369623417123527
-11.374402564134298
-11.374416674400093
-0.5856821172999995
1.6226146700000021
0.46035320300000193
-0.5856821173000067
-8.539646796999998
-8.539646796999998
-3.136966043170855
-1.5271139972590735
-2.37440258343839
-1.5271139055699985
-11.374402558657396
-11.374402811395287
-5.497169751300228
-4.440939433444476
-4.99684861573895
-4.440946675669257
-13.996845491563933
-13.996845490142462
0.0
0.0
0.0
0.0
0.0
0.0
-4.99895886366373
-3.8235540134023602
-4.440939880780353
-3.8232660371605287
-13.440950176282549
-13.440979959185848
0.46035320300000193
-1.5271139055699985
-0.5856821172999982
0.46035320300000193
-9.585682117299998
-9.585682117299998
2.9140163000000023
0.46035320300000193
1.6226146700000021
2.9140163000000023
-7.377385329999997
-7.377385329999997
0.46035320300000193
-1.5271139055699985
-0.5856821172999982
0.46035320300000193
-9.585682117299998
-9.585682117299998
0.0
0.0
0.0
0.0
0.0
0.0
1.6226146700000021
4.348907000000002
2.9140163000000023
4.348907000000002
-6.085983699999998
-6.085983699999998
7.714700000000002
11.870000000000001
9.683000000000002
7.714700000000002
0.6830000000000016
0.6830000000000016
1.6226146700000021
4.348907000000002
2.9140163000000023
4.348907000000002
-6.085983699999998
-6.085983699999998
14.3
9.683000000000002
11.870000000000001
14.3
2.870000000000001
2.870000000000001
0.0
0.0
0.0
0.0
0.0
0.0
-3.1390424377685204
-2.3744025150129984
-3.1420212366023863
-3.13709518920159
-12.136962760884693
-12.13700438335875
0.4591900222048883
1.6226146700000021
0.46026280721657464
0.46033970635063703
-8.539652143938804
-8.539646800874603
-2.3744299511365177
-1.5271139055699985
-2.3753231363146865
-2.3744598504635217
-11.374413652571466
-11.374424476967485
-5.4982074030913
-4.9968454901000285
-5.497161245795192
-5.49746140179101
-14.49791818580725
-14.49715800321809
0.0
0.0
0.0
0.0
0.0
0.0
-5.4986023424236885
-4.9968454901000285
-5.504498716752047
-5.50822860087855
-14.49770551213013
-14.497584688213193
-3.8233345889189385
-3.1369622635116987
-3.8233369852753776
-3.8232711950031644
-12.823296139216414
-12.82336650551658
5.9432300000000025
4.348907000000002
5.9432300000000025
5.9432300000000025
7.714700000000002
-3.0567699999999975
0.46035320300000193
-0.5856821172999982
0.46035320300000193
0.46035320300000193
1.6226146700000021
-8.539646796999998
0.0
0.0
0.0
0.0
0.0
0.0
1.6226146700000021
0.46035320300000193
1.6226146700000021
1.6226146700000021
2.9140163000000023
-7.377385329999997
-4.441094032663967
-3.8232660371605287
-4.440953476953126
-4.4409396346769645
-13.440942999073041
-13.440939442980536
-3.136983496689813
-2.3744025150129984
-3.137286232928273
-3.1378169401081633
-12.137178737864733
-12.137270318486902
-4.445826961305832
-3.8232660371605287
-4.440953456740693
-4.4410370429112325
-13.440942151329455
-13.441205601068727
0.0
0.0
0.0
0.0
0.0
0.0
7.714700000000002
9.683000000000002
7.714700000000002
7.714700000000002
-1.2852999999999977
5.9432300000000025
1.6226146700000021
2.9140163000000023
1.6226146700000021
1.6226146700000021
-7.377385329999997
0.46035320300000193
17.0
14.3
17.0
17.0
8.0
20.0
2.9140163000000023
4.348907000000002
2.9140163000000023
2.9140163000000023
-6.085983699999998
1.6226146700000021
0.0
0.0
0.0
0.0
0.0
0.0
-3.8232715832734043
-3.1369622635116987
-4.440939587119018
-3.823266119762622
-12.823266041831593
-12.823311033086501
-0.585712356659852
0.46035320300000193
-1.5271139066973745
-0.5861366682842507
-9.585682117725185
-9.585684804864686
-3.1369622635116996
-2.3744025150129984
-3.823266037160534
-3.1369622635238814
-12.136962263512109
-12.136962263511698
-4.996855381952064
-4.440951011939359
-4.440939433444476
-4.996847747758304
-13.996845520239207
-13.997555308434215
0.0
0.0
0.0
0.0
0.0
0.0
-4.997042530637661
-4.442350887662736
-4.440939433444476
-4.997074854698128
-13.997408093551012
-13.99690469649727
-3.137061103331314
-2.3744025150129984
-2.3780890045420238
-3.1369856073132363
-12.136964065602157
-12.138264548494949
-0.5856821173358404
0.46035320300000193
-1.5271139056119607
-0.5856821186071791
-9.585682118688046
-9.585682117299998
-3.8232660551596247
-3.1369622635116987
-4.440939461301798
-3.823266037214607
-12.823266885914023
-12.823266055831217
0.0
0.0
0.0
0.0
0.0
0.0
-3.136992136863831
-2.3744025150129984
-3.8235326967281176
-3.1377499347927675
-12.137002501139069
-12.136976421239357
-3.823364348148535
-3.1369622635116987
-3.1373030084211844
-3.8232856892329132
-12.823267462961205
-12.823266802505838
-2.374412916624574
-1.5271139055699985
-1.52840236874852
-2.3747691571937075
-11.41518672370515
-11.374408989461969
-3.8232671986138613
-3.1369890583376576
-3.1369622635116987
-3.8233247718275645
-12.823270041162239
-12.823271330295665
0.0
0.0
0.0
0.0
0.0
0.0
5.942701306401006
7.714700000000002
4.348906280919313
5.942994657216622
-3.0567825548720067
-3.057091632720171
2.914015880220546
4.348907000000002
4.343816909554067
2.9140036349167913
-6.085996293429399
-6.0859837389247735
5.943229323348814
7.714700000000002
4.3489069751484815
5.9432299998178175
-3.0567700120034624
-3.0567700064469374
4.3489058184805405
5.9432300000000025
5.943038636019828
4.34812880415795
-4.6511124050960095
-4.651353112752496
0.0
0.0
0.0
0.0
0.0
0.0
-4.449854491807236
-3.8232660371605287
-4.449616445433961
-3.8232733176359637
-13.441034651880283
-13.440939946547978
-1.5271423064565084
-0.5856821172999982
-1.5271247125431993
-0.5857384344876911
-10.527116899857456
-10.527113908445271
-3.8234765110973132
-3.136979911636547
-3.823271589336576
-3.1369622635116987
-12.823270573290328
-12.823266053466238
-4.44093944131532
-3.8232660371605287
-4.440940216403189
-4.996845954008827
-13.440941671364836
-13.440941573425974
0.0
0.0
0.0
0.0
0.0
0.0
-4.440939434116637
-3.8232660371605287
-4.440945768524208
-4.996846909425286
-13.440939478834554
-13.440939437928357
-2.3744266046587335
-1.5271139055699985
-2.3750579598881227
-3.1376067385985262
-11.377993239112513
-11.37440386164453
-1.5271157194237284
-0.5856821172999982
-1.527113906448543
-0.5856821204891279
-10.527114405562203
-10.527127582955432
-4.449850480039816
-3.8233163688452056
-4.446502863828632
-3.8232660371605287
-13.440940604536873
-13.442316402803618
0.0
0.0
0.0
0.0
0.0
0.0
-3.823271827359767
-3.1369622635116987
-3.823366249559534
-3.139152223452097
-12.823272678400622
-12.827043802826589
-3.1373236510853713
-2.3744025150129984
-3.1372905705317735
-3.8232660388885944
-12.136994227558036
-12.136963051021924
-1.534924076408613
-0.5856821172999982
-1.5271455668442884
-2.3764998837585694
-10.527177208849931
-10.527114008625436
-3.1369633886617243
-2.3744025150129984
-3.1369622694236043
-3.823266038100631
-12.13696250381722
-12.136965987311296
0.0
0.0
0.0
0.0
0.0
0.0
4.3488871225147046
5.9432300000000025
4.348860543761551
5.943229782365408
-4.651093000098484
-4.651093005259302
4.348906928516405
5.9432300000000025
4.348906787334855
2.914012803807537
-4.651101638834097
-4.651093479117006
4.3489032944902615
5.9432300000000025
4.3489032866191515
5.943228385026244
-4.651114547383777
-4.651095728615319
5.9397891774195095
7.714700000000002
5.942314619636413
4.3489061679682095
-3.0576922395454016
-3.0578898806711905
0.0
0.0
0.0
0.0
0.0
0.0
-4.998062698844301
-4.440939433444532
-5.497611001660387
-4.99882993740472
-14.001467315679859
-14.045690576904608
-2.374416623577879
-1.5271139055699985
-3.136962363645499
-2.374403381427901
-11.37441367491562
-11.37440652918718
-4.440939433474336
-3.8232660371605287
-4.996845490101316
-4.440939433445228
-13.440939434298935
-13.44093945482984
-3.8406768868372714
-3.1369622635116987
-3.1372316921150545
-3.8235251814935776
-12.823287771604683
-12.823893703597868
0.0
0.0
0.0
0.0
0.0
0.0
-3.8234944228623897
-3.1369622635116987
-3.1379181312681825
-3.8234879826110175
-12.82326791772547
-12.823266066641429
-1.5271615527933657
-0.5869129793097303
-0.5856821172999982
-1.527281067591278
-10.528958887391347
-10.527120445608139
-2.3744040928065555
-1.5271139055699985
-3.1369836244457723
-2.3744026281920494
-11.374402652297167
-11.374403138964793
-5.019711410859409
-4.440939433444476
-5.497320361403634
-4.996857697222444
-13.99684781297176
-13.996846427524062
0.0
0.0
0.0
0.0
0.0
0.0
-4.440939879466005
-3.8232660371605287
-4.9968456345574
-4.4409394624856064
-13.440939612197893
-13.440939434368024
1.6226146700000021
0.46035320300000193
0.46035320300000193
1.6226146700000021
2.9140163000000023
-7.377385329999997
4.348907000000002
2.9140163000000023
2.9140163000000023
4.348907000000002
5.9432300000000025
-4.651092999999998
1.6226146700000021
0.46035320300000193
0.46035320300000193
1.6226146700000021
2.9140163000000023
-7.377385329999997
0.0
0.0
0.0
0.0
0.0
0.0
2.9140163000000023
4.348907000000002
1.6226146700000021
2.9140163000000023
-6.085983699999998
1.6226146700000021
5.9432300000000025
7.714700000000002
7.714700000000002
5.9432300000000025
-3.0567699999999975
4.348907000000002
2.9140163000000023
4.348907000000002
1.6226146700000021
2.9140163000000023
-6.085983699999998
1.6226146700000021
17.0
14.3
14.3
17.0
8.0
20.0
0.0
0.0
0.0
0.0
0.0
0.0
-5.497538192687034
-4.9968454901000285
-5.499701206411168
-5.051775817334641
-14.497383521442
-14.497169971684603
-3.141234952044932
-2.3744025150129984
-3.1377033850537193
-2.374562630485513
-12.136965465810468
-12.14287699213331
-4.996846088225619
-4.440940788805294
-4.99690199330354
-4.440939433444476
-13.996913126102953
-13.99712864379667
-3.1369821734222376
-2.3744025150129984
-3.1370822412938293
-3.824400356701521
-12.136987253593919
-12.139488118712807
0.0
0.0
0.0
0.0
0.0
0.0
-3.1373062712463455
-2.3744025150129984
-3.1370289175971777
-3.823266037685124
-12.137119424737579
-12.137912772659224
-0.5856822400514918
0.46035320300000193
-0.5856821173319742
-1.5271139057567777
-9.585682117311764
-9.585682120987755
-3.1370196843730396
-2.3744025150129984
-3.1370270685576562
-2.37441675126481
-12.13891985140651
-12.20788148158292
-5.4993260329379305
-4.9968454901000285
-5.497335430926613
-5.013684874206325
-14.4973684155384
-14.514153000346322
0.0
0.0
0.0
0.0
0.0
0.0
-5.019539774430389
-4.442602393046066
-5.019317093742794
-4.440939433444476
-13.998333795929337
-14.037900562593842
0.46035320300000193
-0.5856821172999982
0.46035320300000193
1.6226146700000021
-8.539646796999998
-8.539646796999998
2.9140163000000023
1.6226146700000021
2.9140163000000023
4.348907000000002
-6.085983699999998
-6.085983699999998
0.46035320300000193
-0.5856821172999982
0.46035320300000193
1.6226146700000021
-8.539646796999998
-8.539646796999998
0.0
0.0
0.0
0.0
0.0
0.0
1.6226146700000017
2.9140163000000023
1.6226146699973238
2.9140163000000023
-7.377385329999997
-7.377385329999997
7.7147000000000014
9.683000000000002
7.7147000000000014
5.9432300000000025
-1.2853000000000014
-1.2853000000002108
1.6226146700000021
2.9140163000000023
1.6226146700000021
2.9140163000000023
-7.377385329999997
-7.377385329999997
14.3
11.870000000000001
14.3
17.0
5.300000000000001
5.300000000000001
